Accuracy: 89.17%

Classification Report:
              precision    recall  f1-score   support

           0       1.00      0.67      0.80         3
           1       1.00      0.67      0.80         3
           2       0.67      0.67      0.67         3
           3       0.43      1.00      0.60         3
           4       1.00      1.00      1.00         3
           5       1.00      1.00      1.00         3
           6       1.00      0.67      0.80         3
           7       0.75      1.00      0.86         3
           8       1.00      1.00      1.00         3
           9       1.00      0.67      0.80         3
          10       1.00      1.00      1.00         3
          11       1.00      1.00      1.00         3
          12       1.00      0.33      0.50         3
          13       1.00      1.00      1.00         3
          14       1.00      1.00      1.00         3
          15       0.75      1.00      0.86         3
          16       0.60      1.00      0.75         3
          17       1.00      1.00      1.00         3
          18       1.00      1.00      1.00         3
          19       1.00      1.00      1.00         3
          20       0.75      1.00      0.86         3
          21       1.00      1.00      1.00         3
          22       1.00      1.00      1.00         3
          23       1.00      1.00      1.00         3
          24       1.00      0.67      0.80         3
          25       1.00      0.67      0.80         3
          26       1.00      0.67      0.80         3
          27       1.00      1.00      1.00         3
          28       1.00      1.00      1.00         3
          29       1.00      0.67      0.80         3
          30       0.75      1.00      0.86         3
          31       1.00      0.67      0.80         3
          32       1.00      1.00      1.00         3
          33       1.00      0.67      0.80         3
          34       1.00      1.00      1.00         3
          35       1.00      1.00      1.00         3
          36       1.00      1.00      1.00         3
          37       1.00      1.00      1.00         3
          38       1.00      1.00      1.00         3
          39       0.60      1.00      0.75         3

    accuracy                           0.89       120
   macro avg       0.93      0.89      0.89       120
weighted avg       0.93      0.89      0.89       120


Confusion Matrix:
[[2 0 0 ... 0 0 0]
 [0 2 0 ... 0 0 0]
 [0 0 2 ... 0 0 1]
 ...
 [0 0 0 ... 3 0 0]
 [0 0 0 ... 0 3 0]
 [0 0 0 ... 0 0 3]]